002241 歌尔股份 日线 前复权
      日期	    开盘	    最高	    最低	    收盘	    成交量	    成交额
2013/07/22	17.18	17.95	17.03	17.87	9075535	324764896.00
2013/07/23	18.13	18.38	18.03	18.29	10305507	380713856.00
2013/07/24	18.33	18.97	18.28	18.43	12785450	479650048.00
2013/07/25	18.77	18.97	17.72	18.06	12624942	467943072.00
2013/07/26	17.78	18.13	17.37	17.68	7509144	269964864.00
2013/07/29	17.53	18.24	17.28	17.65	7420079	267374832.00
2013/07/30	17.97	17.97	17.13	17.28	9034593	318494624.00
2013/07/31	17.39	17.88	17.08	17.22	9772116	346673408.00
2013/08/01	17.38	17.97	17.28	17.97	10317472	369009632.00
2013/08/02	18.18	19.30	18.18	18.62	21851069	830940544.00
2013/08/05	18.64	19.30	18.63	19.05	14585135	563573504.00
2013/08/06	19.08	19.78	18.67	19.60	14201865	558641216.00
2013/08/07	19.68	19.93	19.08	19.16	10112544	398176864.00
2013/08/08	19.13	21.10	18.93	21.10	25228294	1045054976.00
2013/08/09	21.31	21.45	20.59	21.28	17639384	753094592.00
2013/08/12	21.28	21.39	20.06	20.81	14739579	618487104.00
2013/08/13	20.79	22.39	19.87	22.05	19540065	829398720.00
2013/08/14	21.83	22.05	21.28	21.52	11960612	524891584.00
2013/08/15	21.48	22.38	20.93	20.98	11194115	487462688.00
2013/08/16	20.78	21.78	20.25	20.43	18718940	787870528.00
2013/08/19	20.18	20.92	20.16	20.56	12260780	510283648.00
2013/08/20	20.54	20.94	20.18	20.33	10610138	441046816.00
2013/08/21	20.53	20.73	19.75	20.73	10206700	418430912.00
2013/08/22	20.60	21.60	20.38	21.33	14945364	644528064.00
2013/08/23	21.32	22.15	21.13	21.62	14155512	620510144.00
2013/08/26	21.63	22.49	21.38	22.03	11560429	518236288.00
2013/08/27	21.93	22.30	21.28	21.60	9658462	421206880.00
2013/08/28	21.38	21.77	21.24	21.39	6752737	293546400.00
2013/08/29	21.42	21.77	20.88	20.98	7839036	336836576.00
2013/08/30	20.80	21.29	20.04	20.28	8213206	341280064.00
2013/09/02	20.28	21.01	20.27	21.01	5117010	214922336.00
2013/09/03	21.08	21.63	21.02	21.47	5238098	226649456.00
2013/09/04	21.49	21.90	20.97	21.03	6789273	292736192.00
2013/09/05	20.96	21.38	20.62	20.88	6235543	264209184.00
2013/09/06	20.93	21.08	20.64	20.75	4896701	205527360.00
2013/09/09	20.75	21.03	20.22	21.03	9837293	408131840.00
2013/09/10	20.91	20.93	19.87	20.43	15852845	650878464.00
2013/09/11	18.68	18.98	18.37	18.37	32914479	1229995136.00
2013/09/12	17.91	18.61	17.73	17.94	23387441	853216448.00
2013/09/13	18.28	19.04	18.28	18.78	18831422	714722496.00
2013/09/16	18.77	19.57	18.48	19.48	13113549	509123680.00
2013/09/17	19.27	19.88	19.01	19.19	8646528	339924672.00
2013/09/18	19.35	19.35	18.17	18.84	20466099	769810176.00
2013/09/23	18.92	20.10	18.92	20.02	18219866	728743744.00
2013/09/24	20.55	21.23	20.55	20.67	14243656	599701824.00
2013/09/25	20.63	21.37	20.23	20.88	14481364	614108096.00
2013/09/26	20.73	21.16	20.65	20.67	6180288	260199408.00
2013/09/27	20.67	21.09	20.33	20.51	5844162	244069760.00
2013/09/30	20.50	21.13	20.46	20.92	5669642	239992256.00
2013/10/08	20.75	20.92	19.73	20.33	10552638	429278784.00
2013/10/09	20.27	20.27	19.22	19.63	16056828	632492288.00
2013/10/10	19.63	19.64	18.76	19.47	19570781	756765312.00
2013/10/11	19.42	19.98	18.77	19.10	18295833	712238016.00
2013/10/14	19.08	19.46	18.94	19.27	8633607	335989280.00
2013/10/15	18.96	19.27	18.77	18.87	10498035	402551040.00
2013/10/16	18.87	19.22	18.68	18.93	9769010	374344160.00
2013/10/17	19.06	19.47	18.94	19.30	7447228	289009600.00
2013/10/18	19.32	19.32	18.78	18.87	6485295	248403632.00
2013/10/21	18.88	19.43	18.87	19.37	8485244	329306112.00
2013/10/22	19.26	19.56	18.98	19.19	9225346	358280192.00
2013/10/23	19.38	19.53	18.83	19.21	6296836	244080464.00
2013/10/24	19.18	19.31	18.83	18.85	4272408	164349024.00
2013/10/25	18.82	18.82	17.26	17.98	17365345	626953920.00
2013/10/28	17.91	18.58	17.78	18.23	7211697	267755984.00
2013/10/29	18.13	18.39	17.34	18.25	5802839	210855680.00
2013/10/30	18.08	18.35	17.93	18.05	5084054	187086656.00
2013/10/31	17.99	18.02	17.14	17.22	9469087	333243552.00
2013/11/01	17.36	17.85	17.02	17.69	6229211	219918128.00
2013/11/04	17.76	18.21	17.75	17.96	4802206	174777328.00
2013/11/05	17.78	18.01	17.55	17.79	6420872	230755408.00
2013/11/06	17.82	17.95	17.38	17.45	5153546	184368464.00
2013/11/07	17.52	17.58	16.63	16.79	9488964	324147360.00
2013/11/08	16.64	16.94	16.00	16.68	13274798	441724320.00
2013/11/11	16.53	17.69	16.53	17.51	7893742	276067392.00
2013/11/12	17.40	17.75	17.38	17.54	4297425	152803648.00
2013/11/13	17.28	17.75	17.22	17.22	4638285	164277744.00
2013/11/14	17.57	17.86	17.13	17.79	7855295	278912512.00
2013/11/15	17.79	18.22	17.65	17.81	6633819	242082704.00
2013/11/18	17.83	18.67	17.83	18.48	8366052	312173696.00
2013/11/19	18.48	18.98	18.33	18.45	9117829	343714400.00
2013/11/20	18.78	18.81	18.03	18.43	6515598	240604832.00
2013/11/21	18.28	18.33	17.95	18.24	3942578	144456800.00
2013/11/22	18.29	18.33	17.76	17.78	3665158	132957984.00
2013/11/25	17.58	18.19	17.58	17.97	4389450	160171536.00
2013/11/26	18.03	18.32	17.48	18.28	6198429	225599456.00
2013/11/27	18.18	19.68	18.18	19.53	19897229	770338048.00
2013/11/28	19.53	19.83	19.14	19.37	12590658	496758976.00
2013/11/29	19.20	19.36	18.81	19.09	9518153	366654848.00
2013/12/02	18.53	19.00	18.33	18.48	9556778	360244192.00
2013/12/03	18.58	18.62	18.02	18.48	6484066	241229056.00
2013/12/04	18.48	19.15	18.33	18.74	8079599	307229888.00
2013/12/05	18.77	18.88	18.08	18.13	7471758	277889088.00
2013/12/06	18.13	18.43	17.79	17.87	6314333	230422656.00
2013/12/09	18.03	18.20	17.65	17.89	5272824	190758112.00
2013/12/10	18.03	18.16	17.83	18.00	4669776	170245552.00
2013/12/11	17.77	18.05	17.68	17.89	5303351	191267424.00
2013/12/12	17.86	18.26	17.78	18.18	5211216	190389776.00
2013/12/13	17.78	18.32	17.77	17.97	5460831	199660416.00
2013/12/16	18.10	18.10	17.69	17.82	4189779	151856000.00
2013/12/17	17.88	17.90	17.55	17.61	3892819	139265264.00
2013/12/18	17.61	17.83	17.43	17.69	3931717	140415440.00
2013/12/19	17.71	17.81	17.13	17.23	9500141	333645792.00
2013/12/20	17.40	17.40	16.58	16.83	7818574	266712496.00
2013/12/23	16.68	17.08	16.65	17.05	4977482	170998400.00
2013/12/24	17.18	17.86	17.18	17.70	7331647	262013232.00
2013/12/25	17.72	18.04	17.54	17.87	5299138	191679840.00
2013/12/26	17.78	17.79	17.28	17.38	4906556	173324016.00
2013/12/27	17.36	17.69	17.22	17.57	4855869	172032560.00
2013/12/30	17.62	17.64	17.08	17.16	6251189	218044480.00
2013/12/31	17.16	17.63	17.09	17.32	6204454	217972176.00
2014/01/02	17.18	18.75	17.18	18.43	16936259	625228480.00
2014/01/03	18.22	18.88	18.18	18.76	16004276	607526912.00
2014/01/06	18.75	18.75	17.88	17.96	7708602	282678432.00
2014/01/07	18.10	18.43	17.77	18.28	6409609	235710336.00
2014/01/08	18.23	18.67	18.04	18.15	7179152	266229440.00
2014/01/09	18.03	18.31	17.38	17.48	10186227	367563360.00
2014/01/10	17.29	17.30	16.39	16.50	17857806	604875840.00
2014/01/13	16.43	16.43	15.65	16.07	21128641	681587648.00
2014/01/14	16.02	16.13	15.67	16.08	12787177	411250368.00
2014/01/15	16.09	16.63	16.08	16.48	10482335	349672192.00
2014/01/16	16.48	16.88	16.09	16.29	9172509	305117696.00
2014/01/17	16.28	16.37	15.48	15.85	17908307	571557184.00
2014/01/20	15.78	15.78	15.15	15.23	10654862	333052736.00
2014/01/21	15.22	15.71	15.21	15.40	9706576	303611808.00
2014/01/22	15.45	16.07	15.13	15.88	15393413	493057824.00
2014/01/23	15.91	15.98	15.58	15.89	13778257	439947584.00
2014/01/24	15.78	16.18	15.60	15.92	11494446	371906720.00
2014/01/27	15.94	16.22	15.55	15.57	11556521	369684832.00
2014/01/28	15.58	15.65	13.99	14.77	26765678	794002240.00
2014/01/29	14.42	14.93	14.34	14.52	15433814	455325728.00
2014/01/30	14.48	14.48	14.07	14.22	12100169	349917568.00
2014/02/07	14.23	15.05	14.22	15.03	11591777	348376640.00
2014/02/10	15.18	15.90	15.17	15.66	16746537	530066528.00
2014/02/11	15.77	15.96	15.28	15.48	12229190	387711008.00
2014/02/12	15.43	15.88	15.10	15.86	15448096	486886816.00
2014/02/13	15.86	16.22	15.68	15.73	15124707	489597760.00
2014/02/14	15.68	15.82	15.38	15.60	12610004	396378752.00
2014/02/17	15.64	15.77	14.78	15.19	30257062	929115200.00
2014/02/18	15.21	15.21	14.83	14.94	23725345	719312384.00
2014/02/19	15.00	15.10	14.72	14.97	14172425	427891136.00
2014/02/20	15.00	15.05	14.58	14.62	13632261	407285056.00
2014/02/21	14.56	14.58	14.28	14.42	13001511	380924160.00
2014/02/24	14.43	14.94	14.43	14.77	14769596	441848512.00
2014/02/25	14.77	14.77	13.39	13.74	26600882	763127488.00
2014/02/26	13.57	13.58	12.93	13.38	21103804	569664512.00
2014/02/27	13.44	13.63	13.08	13.12	11997256	324963808.00
2014/02/28	13.13	13.56	13.13	13.53	7590090	205474528.00
2014/03/03	13.48	13.72	13.23	13.28	13319957	362410272.00
2014/03/04	13.18	13.27	12.70	12.71	16837591	441307616.00
2014/03/05	12.76	13.07	12.66	12.83	12242929	319687168.00
2014/03/06	12.88	12.92	12.38	12.51	14297074	364904064.00
2014/03/07	12.46	12.68	12.43	12.61	11023273	281330272.00
2014/03/10	12.45	12.52	12.12	12.14	12216813	306287168.00
2014/03/11	12.14	12.77	12.13	12.54	19983636	510420832.00
2014/03/12	12.60	13.75	12.60	13.28	30084750	812187456.00
2014/03/13	13.41	13.52	13.13	13.44	20201823	548104832.00
2014/03/14	13.29	13.57	13.22	13.30	11718630	319007808.00
2014/03/17	13.32	13.53	13.04	13.49	14375911	389608096.00
2014/03/18	13.50	14.00	13.48	13.60	21455707	598627008.00
2014/03/19	13.58	13.58	12.63	12.72	24257147	636238464.00
2014/03/20	12.69	12.80	12.37	12.38	15726774	402680000.00
2014/03/21	12.28	12.84	12.07	12.77	13563876	344938912.00
2014/03/24	12.79	12.92	12.53	12.75	9850417	255455808.00
2014/03/25	12.73	12.75	12.38	12.46	10765689	274290976.00
2014/03/26	12.58	12.92	12.51	12.89	14272728	371296608.00
2014/03/27	12.92	12.96	12.69	12.71	9156833	237693312.00
2014/03/28	12.59	12.66	12.21	12.36	8938614	225630560.00
2014/03/31	12.36	12.75	12.19	12.58	8149599	208144688.00
2014/04/01	12.58	13.21	12.57	13.14	16933141	446320288.00
2014/04/02	13.16	13.76	13.05	13.75	30547047	840692736.00
2014/04/03	13.72	13.83	13.48	13.59	19778711	548805376.00
2014/04/04	13.50	14.12	13.38	13.98	18871194	532142304.00
2014/04/08	13.90	14.31	13.78	13.93	16873159	481152160.00
2014/04/09	13.92	14.40	13.88	14.17	18114010	523810624.00
2014/04/10	14.23	14.33	13.83	13.92	13873004	394563584.00
2014/04/11	13.78	13.79	13.33	13.51	15883583	435865504.00
2014/04/14	13.55	13.77	13.30	13.72	11566833	319455904.00
2014/04/15	13.62	13.67	13.43	13.45	10389491	286145184.00
2014/04/16	13.37	13.83	13.37	13.82	10626027	295030912.00
2014/04/17	13.85	14.50	13.84	14.40	27101436	787587264.00
2014/04/18	14.42	14.87	14.24	14.40	24851703	736356160.00
2014/04/21	14.28	14.87	14.18	14.61	22809879	680163584.00
2014/04/22	14.60	14.72	13.98	14.36	15625472	453478048.00
2014/04/23	14.35	14.45	14.08	14.45	9065067	262936720.00
2014/04/24	14.44	14.83	14.32	14.48	12674465	376701088.00
2014/04/25	14.53	14.69	13.88	14.03	12120005	349021408.00
2014/04/28	13.75	13.75	13.15	13.16	17026750	461285120.00
2014/04/29	13.12	13.57	13.00	13.49	8378977	227678176.00
2014/04/30	13.32	13.69	13.23	13.68	7889341	215554464.00
2014/05/05	13.60	14.31	13.13	14.08	13750013	378228096.00
2014/05/06	14.02	14.97	13.93	14.53	31341548	932594048.00
2014/05/07	14.53	14.75	14.35	14.43	10794319	318062368.00
2014/05/08	14.35	14.68	14.28	14.28	11027490	325355680.00
2014/05/09	14.13	14.15	12.98	13.58	31272910	852621056.00
2014/05/12	13.28	14.13	13.28	14.11	16043228	445802848.00
2014/05/13	14.07	14.20	13.73	13.81	9311764	264070816.00
2014/05/14	13.83	13.98	13.73	13.87	5827290	163167824.00
2014/05/15	13.88	13.91	13.46	13.53	6884526	189697936.00
2014/05/16	13.52	13.70	13.35	13.56	5555519	152109248.00
2014/05/19	13.47	13.54	13.23	13.44	5025281	136253104.00
2014/05/20	13.55	13.80	13.27	13.37	5085359	139051104.00
2014/05/21	13.31	13.62	13.24	13.50	4374656	119451672.00
2014/05/22	13.55	13.73	13.38	13.38	6373953	175001856.00
2014/05/23	13.38	13.47	13.12	13.29	7428685	199230640.00
2014/05/26	13.43	13.46	12.82	13.08	19621759	519501152.00
2014/05/27	13.03	13.14	12.89	12.98	8611991	226672592.00
2014/05/28	12.99	13.35	12.93	13.27	12390589	330349312.00
2014/05/29	13.70	13.70	12.98	13.00	12164504	326986176.00
2014/05/30	12.93	13.28	12.82	13.14	10483871	277596992.00
2014/06/03	13.14	13.57	13.14	13.32	12679401	344165888.00
2014/06/04	13.26	13.32	13.04	13.13	5608437	149447056.00
2014/06/05	13.13	13.13	12.67	12.88	16226317	421957952.00
2014/06/06	12.89	13.57	12.89	13.34	24803186	672250240.00
2014/06/09	13.28	13.41	13.07	13.14	11589571	311345536.00
2014/06/10	13.15	13.90	13.15	13.81	27524472	759162304.00
2014/06/11	13.80	14.09	13.66	13.84	17359182	488481216.00
2014/06/12	13.80	13.84	13.54	13.57	15252338	421857664.00
2014/06/13	13.61	13.91	13.45	13.72	13606377	377683296.00
2014/06/16	13.87	13.95	13.57	13.84	12047052	336172992.00
2014/06/17	13.78	13.78	13.52	13.57	12120601	333842240.00
2014/06/18	13.57	13.61	13.36	13.42	7267452	198434288.00
2014/06/19	13.56	13.56	12.91	12.99	11230654	299850816.00
2014/06/20	13.00	13.14	12.93	13.05	6459993	170635360.00
2014/06/23	13.12	13.32	12.99	13.03	7790636	207115472.00
2014/06/24	13.09	13.09	12.83	12.96	9655517	252800608.00
2014/06/25	13.03	13.03	12.73	12.81	9282588	241377360.00
2014/06/26	12.84	13.11	12.84	13.08	10522759	277612064.00
2014/06/27	13.12	13.12	12.84	12.88	16243780	425490080.00
2014/06/30	12.91	13.16	12.88	13.16	14294909	377339232.00
2014/07/01	13.11	13.42	13.09	13.38	13573786	365544512.00
2014/07/02	13.43	13.50	13.25	13.38	11073500	299867072.00
2014/07/03	13.38	13.38	13.12	13.16	10297545	275539744.00
2014/07/04	13.20	13.28	13.03	13.07	8132791	215834848.00
2014/07/07	13.08	13.10	12.84	12.98	11052250	289631392.00
2014/07/08	12.98	13.18	12.94	13.10	7691341	203657984.00
2014/07/09	13.03	13.36	12.98	13.15	17503369	468211008.00
2014/07/10	13.13	13.13	12.28	12.32	36528884	929670528.00
2014/07/11	12.33	12.55	12.09	12.20	23675722	587337152.00
2014/07/14	12.23	12.37	12.13	12.28	14297285	355613568.00
2014/07/15	12.29	12.41	12.20	12.32	10127480	252613728.00
2014/07/16	12.33	12.38	12.12	12.14	8116786	200872544.00
2014/07/17	12.15	12.20	11.89	11.92	12862807	312752864.00
2014/07/18	11.88	11.88	11.52	11.53	21943549	518932064.00
2014/07/21	11.55	11.79	11.49	11.74	10778216	255656928.00
2014/07/22	11.76	11.77	11.57	11.70	10688312	253083456.00
2014/07/23	11.70	11.98	11.65	11.69	16108676	386664096.00
2014/07/24	11.72	11.83	11.66	11.76	8783298	209162720.00
2014/07/25	11.76	11.83	11.69	11.83	9437419	224907808.00
2014/07/28	11.87	12.36	11.87	12.24	20218152	499766976.00
2014/07/29	12.24	12.90	12.11	12.74	34057166	873882112.00
2014/07/30	12.74	12.88	12.63	12.83	21291053	551520128.00
2014/07/31	12.85	12.85	12.51	12.83	11691699	300747520.00
2014/08/01	12.73	12.95	12.60	12.65	14078197	365271552.00
2014/08/04	12.63	12.83	12.62	12.73	9098830	234989824.00
2014/08/05	12.75	12.81	12.67	12.76	10264908	264979024.00
2014/08/06	12.68	13.13	12.66	13.03	19018441	498786336.00
2014/08/07	13.10	13.18	12.75	12.79	10369012	272265856.00
2014/08/08	12.83	13.08	12.83	13.01	11023008	289855552.00
2014/08/11	13.16	13.25	12.99	13.13	11318716	300982624.00
2014/08/12	13.05	13.41	13.03	13.28	17576626	471992352.00
2014/08/13	13.32	13.83	13.19	13.21	32206659	875837120.00
2014/08/14	13.23	13.52	13.01	13.02	17279270	464170688.00
2014/08/15	13.07	13.21	12.78	13.12	14448293	380999040.00
2014/08/18	13.18	13.54	13.07	13.46	23378839	634281216.00
2014/08/19	13.43	13.74	13.35	13.46	25979367	712437312.00
2014/08/20	13.45	13.96	13.42	13.90	32392936	904104192.00
2014/08/21	13.83	13.93	13.54	13.84	19936288	553197568.00
2014/08/22	13.79	13.97	13.65	13.74	13455153	375126624.00
2014/08/25	13.83	13.83	13.50	13.56	11897994	327804416.00
2014/08/26	13.53	13.67	13.08	13.22	16390880	442219552.00
2014/08/27	13.20	13.41	13.18	13.24	9430318	253731760.00
2014/08/28	13.27	13.31	12.83	13.00	11811566	312147616.00
2014/08/29	13.06	13.65	13.06	13.56	15314782	416405568.00
2014/09/01	13.61	13.78	13.54	13.68	13687057	379585568.00
2014/09/02	13.74	13.90	13.58	13.83	18064673	502199392.00
2014/09/03	13.85	14.01	13.64	13.80	19101970	534264096.00
2014/09/04	13.79	13.79	13.52	13.75	21244124	586416384.00
2014/09/05	13.75	14.17	13.59	14.17	31420031	884104384.00
2014/09/09	14.16	14.32	13.98	14.18	22899270	656388416.00
2014/09/10	14.15	14.15	13.77	13.80	28158169	790086656.00
2014/09/11	13.78	14.13	13.78	13.89	22426599	634134656.00
2014/09/12	13.86	13.88	13.47	13.64	27881486	767204992.00
2014/09/15	13.64	13.64	13.43	13.57	21838457	598391232.00
2014/09/16	13.54	13.71	13.34	13.35	18671067	513085760.00
2014/09/17	13.38	13.57	13.28	13.40	12674404	343802368.00
2014/09/18	13.41	13.50	13.33	13.44	8148553	221548576.00
2014/09/19	13.45	13.57	13.39	13.53	9798867	268104624.00
2014/09/22	13.53	13.82	13.38	13.62	18282592	504887840.00
2014/09/23	13.64	13.89	13.64	13.82	16695198	466321248.00
2014/09/24	13.76	13.90	13.68	13.84	12724071	356002240.00
2014/09/25	13.85	13.94	13.64	13.67	15840740	440975680.00
2014/09/26	13.56	13.58	13.27	13.44	17591667	477679040.00
2014/09/29	13.46	13.55	13.28	13.48	14170827	384869120.00
2014/09/30	13.50	13.69	13.44	13.60	12863921	354274944.00
2014/10/08	13.60	13.66	13.38	13.59	14190451	387983104.00
2014/10/09	13.65	13.89	13.63	13.79	17468876	487325760.00
2014/10/10	13.88	13.88	13.66	13.70	10486219	291818784.00
2014/10/13	13.60	13.62	13.33	13.50	11656475	317435968.00
2014/10/14	13.46	13.54	13.34	13.39	11580219	314425152.00
2014/10/15	13.39	13.48	13.35	13.45	7222788	196399200.00
2014/10/16	13.48	13.49	13.27	13.27	9401730	255165840.00
2014/10/17	13.25	13.48	13.06	13.47	13597731	366358592.00
2014/10/22	13.64	14.06	13.58	13.75	34504008	965692672.00
2014/10/23	13.58	13.81	13.40	13.42	11639224	319822144.00
2014/10/24	13.42	13.68	13.40	13.49	11662363	320285664.00
2014/10/27	13.43	13.62	13.13	13.22	13045031	351431584.00
2014/10/28	13.18	13.50	13.18	13.43	12373393	333369664.00
2014/10/29	13.47	13.48	13.24	13.44	15888263	429714240.00
2014/10/30	13.44	13.45	13.22	13.24	14880796	400814368.00
2014/10/31	13.24	13.38	13.15	13.33	12266852	329701216.00
2014/11/03	13.35	13.67	13.24	13.66	23860367	652404352.00
2014/11/04	13.59	13.75	13.53	13.68	15690833	433850560.00
2014/11/05	13.68	13.74	13.48	13.57	12702387	349291616.00
2014/11/06	13.57	13.67	13.53	13.64	11595965	319775552.00
2014/11/07	13.64	13.67	13.48	13.53	16399633	450520832.00
2014/11/10	13.53	13.55	13.11	13.22	21455360	573956096.00
2014/11/11	13.23	13.27	12.63	12.75	27383265	713669760.00
2014/11/12	12.72	12.90	12.62	12.82	13178014	340323488.00
2014/11/13	12.80	12.80	12.30	12.58	17251086	436608512.00
2014/11/14	12.52	12.66	12.45	12.57	7394829	188235328.00
2014/11/17	12.49	12.64	12.49	12.60	8187208	208872528.00
2014/11/18	12.62	12.88	12.60	12.77	12573536	325143680.00
2014/11/19	12.75	12.85	12.64	12.77	8624817	223289136.00
2014/11/20	12.71	12.72	12.52	12.53	5926567	151128448.00
2014/11/21	12.53	12.58	12.43	12.55	8530390	216386560.00
2014/11/24	12.58	12.69	12.48	12.55	12102808	308471328.00
2014/11/25	12.57	13.13	12.50	13.11	25086954	652950720.00
2014/11/26	13.12	13.32	12.95	13.13	15787634	419463136.00
2014/11/27	13.13	13.19	12.97	13.12	14682599	388518624.00
2014/11/28	13.16	13.27	12.97	13.19	18781955	500621408.00
2014/12/01	13.22	13.22	12.77	13.04	21451855	562296256.00
2014/12/02	13.00	13.16	12.94	13.09	14410683	381822176.00
2014/12/03	13.09	13.75	12.94	13.68	36058388	977174784.00
2014/12/04	13.68	13.88	13.61	13.71	22985994	639978560.00
2014/12/05	13.76	13.78	13.14	13.38	22133546	601113472.00
2014/12/08	13.37	13.66	13.22	13.30	23353612	633437824.00
2014/12/09	13.29	13.29	12.56	12.66	27774989	729575104.00
2014/12/10	12.90	13.30	12.83	13.10	19347444	512988480.00
2014/12/11	13.10	13.42	13.03	13.17	19387537	518730144.00
2014/12/12	13.08	13.15	12.85	13.02	15253312	402239744.00
2014/12/15	12.98	13.01	12.73	12.96	18245045	475686016.00
2014/12/16	12.96	13.11	12.90	13.01	14816420	390199232.00
2014/12/17	12.98	13.05	12.64	12.72	22431746	578983744.00
2014/12/18	12.71	12.88	12.62	12.69	12917927	333736288.00
2014/12/19	12.69	12.88	12.36	12.63	16052141	410313056.00
2014/12/22	12.52	12.53	11.98	12.20	20813504	516669216.00
2014/12/23	12.18	12.46	12.08	12.20	10944382	273326688.00
2014/12/24	12.23	12.58	12.12	12.43	12438088	311729248.00
2014/12/25	12.48	12.54	12.28	12.33	12249242	307716544.00
2014/12/26	12.38	12.45	12.19	12.31	14514397	363234592.00
2014/12/29	12.30	12.67	12.25	12.48	17991024	455295136.00
2014/12/30	12.34	12.43	11.98	11.99	18217490	450512960.00
2014/12/31	11.99	12.21	11.88	12.09	14225839	348269792.00
2015/01/05	12.09	12.73	11.85	12.52	26841104	668877312.00
2015/01/06	12.41	12.99	12.36	12.83	25918384	670131776.00
2015/01/07	12.86	13.02	12.60	12.76	17616827	455590048.00
2015/01/08	12.74	13.02	12.69	12.88	16414237	428113152.00
2015/01/09	12.89	13.72	12.83	13.19	44136128	1197015936.00
2015/01/12	13.22	14.02	13.22	13.86	44613139	1229409664.00
2015/01/13	13.98	14.99	13.70	14.53	63204505	1837848704.00
2015/01/14	14.52	14.75	14.23	14.42	30361450	885357248.00
2015/01/15	14.37	14.62	14.23	14.43	21861200	637342016.00
2015/01/16	14.36	14.43	14.02	14.24	33292408	956071232.00
2015/01/19	13.88	14.83	13.68	13.96	38353286	1107828224.00
2015/01/20	14.04	14.73	13.97	14.62	37193490	1080904704.00
2015/01/21	14.68	14.91	14.33	14.65	34437744	1017550848.00
2015/01/22	14.52	15.47	14.50	15.15	40602159	1237821184.00
2015/01/23	15.18	15.30	14.87	14.94	21878273	663646208.00
2015/01/26	15.08	15.23	14.79	15.06	15968276	484047136.00
2015/01/27	15.17	15.19	14.59	14.72	20860800	625063424.00
2015/01/28	14.73	15.01	14.37	14.38	18508371	550811520.00
2015/01/29	14.37	14.72	14.23	14.46	17224868	504847360.00
2015/01/30	14.46	14.56	14.18	14.18	13318012	386472704.00
2015/02/02	13.83	14.31	13.83	13.99	14217640	405519200.00
2015/02/03	14.23	14.65	14.16	14.46	18748385	547451712.00
2015/02/04	14.53	14.58	14.02	14.04	16830257	486056512.00
2015/02/05	14.22	14.38	13.86	13.93	14779295	422100704.00
2015/02/06	13.98	14.14	13.77	13.92	15767845	444795904.00
2015/02/09	14.02	14.03	13.58	13.60	16600896	461338048.00
2015/02/10	13.60	14.07	13.48	13.97	17821857	496567680.00
2015/02/11	13.99	14.26	13.98	13.98	14167833	404402816.00
2015/02/12	13.98	14.32	13.98	14.18	12864497	369010272.00
2015/02/13	14.23	14.46	14.18	14.22	14776887	428833440.00
2015/02/16	14.27	14.92	14.25	14.87	25465817	755362624.00
2015/02/17	14.78	14.97	14.65	14.78	16811189	502520064.00
2015/02/25	14.82	15.21	14.81	14.93	19357604	586331072.00
2015/02/26	15.00	15.17	14.75	15.11	20870515	632389312.00
2015/02/27	15.10	15.11	14.64	14.70	25646762	767811328.00
2015/03/02	14.60	14.60	14.25	14.55	38887797	1133011456.00
2015/03/03	14.44	14.62	14.28	14.30	22437397	655645952.00
2015/03/04	14.38	14.62	14.31	14.55	21322978	624138560.00
2015/03/05	14.52	14.90	14.42	14.90	29144022	867433408.00
2015/03/06	14.99	15.04	14.42	14.43	21253165	632018944.00
2015/03/09	14.22	14.56	14.16	14.55	15037504	436944192.00
2015/03/10	14.73	15.69	14.56	15.33	46614867	1428979968.00
2015/03/11	15.22	15.63	15.08	15.38	33312733	1037710208.00
2015/03/12	15.39	15.83	15.07	15.33	25580619	800875968.00
2015/03/13	15.38	15.46	15.10	15.29	18799117	579879616.00
2015/03/16	15.38	15.83	15.38	15.53	25680222	809442624.00
2015/03/17	15.53	15.71	15.28	15.39	26259035	821327296.00
2015/03/18	15.33	15.88	15.26	15.82	36649929	1153956352.00
2015/03/19	15.78	15.90	15.49	15.68	27656099	876100864.00
2015/03/20	15.66	15.78	15.39	15.50	26229545	823372800.00
2015/03/23	15.44	16.09	15.44	15.98	40131424	1288648832.00
2015/03/24	15.98	16.25	15.49	15.89	41531286	1329680384.00
2015/03/25	15.83	16.33	15.60	16.20	37604118	1210806400.00
2015/03/26	16.03	16.16	15.72	15.76	24967169	803075008.00
2015/03/27	15.70	15.92	15.65	15.71	19563260	623212672.00
2015/03/30	15.71	16.06	15.48	16.00	36544967	1164767744.00
2015/03/31	15.81	16.62	15.75	16.48	55706787	1827249664.00
2015/04/01	16.48	16.98	16.39	16.72	43015703	1448735232.00
2015/04/02	16.73	17.83	16.73	17.48	50003278	1749607680.00
2015/04/03	17.33	17.76	17.22	17.47	25898689	909719744.00
2015/04/07	17.50	18.20	17.48	17.75	33203157	1195888896.00
2015/04/08	17.80	17.83	16.83	17.17	30167884	1051435712.00
2015/04/09	16.99	17.21	16.11	17.04	34621679	1165576576.00
2015/04/10	17.04	17.18	16.82	16.87	40879166	1401707904.00
2015/04/13	16.87	17.28	16.59	16.91	38603082	1321664512.00
2015/04/14	16.94	17.04	16.49	16.60	33796247	1139150720.00
2015/04/15	16.51	17.04	16.48	16.57	33405128	1126740352.00
2015/04/16	16.43	16.71	16.08	16.57	31129333	1035717248.00
2015/04/24	17.08	17.84	16.62	17.32	64257146	2234347264.00
2015/04/27	17.40	17.48	16.83	16.95	41677464	1438793088.00
2015/04/28	16.97	17.05	15.73	15.96	57078155	1868662144.00
2015/04/29	15.98	16.25	15.88	16.21	30292426	985342208.00
2015/04/30	16.19	16.42	15.99	16.18	27994633	916367552.00
2015/05/04	16.20	16.21	15.83	15.96	25328031	817412224.00
2015/05/05	15.98	16.15	15.62	16.06	34809788	1117313280.00
2015/05/06	16.06	16.69	15.94	16.33	40442159	1340504320.00
2015/05/07	16.22	17.03	16.15	16.57	37917918	1277747200.00
2015/05/08	16.57	16.88	16.43	16.86	38032292	1284827520.00
2015/05/11	16.93	17.68	16.76	17.53	57896676	2015180800.00
2015/05/12	17.48	17.65	17.23	17.53	44680177	1572808960.00
2015/05/13	17.54	17.82	17.20	17.44	42788874	1510948096.00
2015/05/14	17.43	18.15	17.28	17.64	48976065	1753637120.00
2015/05/15	17.50	17.51	17.03	17.26	36359553	1263200384.00
2015/05/18	17.11	17.47	17.06	17.16	36907605	1287353088.00
2015/05/19	17.14	17.77	16.97	17.74	39074585	1372872064.00
2015/05/20	17.74	18.81	17.63	18.05	58742694	2170780928.00
2015/05/21	18.11	19.36	18.10	19.21	59263638	2263702016.00
2015/05/22	19.44	19.59	18.58	19.04	54172902	2075556224.00
2015/05/25	18.83	19.38	18.68	19.22	48805323	1877216640.00
2015/05/26	19.33	20.34	19.32	19.77	51492042	2066579584.00
2015/05/27	19.63	20.33	19.50	20.19	41347305	1662450432.00
2015/05/28	20.09	20.23	18.31	18.33	54147113	2120471296.00
2015/05/29	18.48	20.18	18.08	20.18	70171720	2740792576.00
2015/06/01	20.77	22.21	20.53	21.98	91021354	3928938496.00
2015/06/02	22.16	22.53	21.53	22.17	54938517	2430827776.00
2015/06/03	22.03	22.08	20.83	21.32	41930229	1817681152.00
2015/06/04	21.57	21.67	19.17	20.83	45025239	1846131200.00
2015/06/05	21.10	21.58	20.08	20.77	38681239	1628166912.00
2015/06/08	20.77	20.80	19.66	19.90	44821856	1809049088.00
2015/06/09	19.92	20.60	19.92	20.21	35789078	1462528768.00
2015/06/10	20.08	21.48	19.91	21.22	45233132	1906442624.00
2015/06/11	21.23	21.43	20.73	21.09	31571394	1336557440.00
2015/06/12	21.14	22.15	21.09	21.44	43983094	1922255232.00
2015/06/15	21.63	21.88	20.42	20.58	39842415	1682791808.00
2015/06/16	20.38	20.38	19.42	19.84	34894292	1398874496.00
2015/06/17	19.78	20.47	19.63	20.29	26918574	1082248064.00
2015/06/18	20.08	20.33	18.98	19.13	31246808	1227571840.00
2015/06/19	18.88	19.13	18.13	18.38	26071502	980620608.00
2015/06/23	18.46	19.43	18.23	19.36	36373964	1390503040.00
2015/06/24	19.83	20.04	19.08	19.83	37651493	1490455424.00
2015/06/25	19.76	19.76	18.55	18.68	28019725	1082414080.00
2015/06/26	18.22	18.26	16.80	16.80	37532345	1305704064.00
2015/06/29	17.23	17.30	15.11	16.48	48664781	1588904192.00
2015/06/30	15.98	17.98	15.17	17.83	45352163	1530243840.00
2015/07/01	17.48	19.12	17.13	17.48	39044700	1433613312.00
2015/07/02	17.65	18.13	15.82	16.22	33556320	1139179904.00
2015/07/03	16.13	16.72	14.58	15.82	44266748	1379383040.00
2015/07/06	17.36	17.36	14.33	15.88	52056262	1639170304.00
2015/07/07	15.33	15.63	14.28	14.28	57285396	1673138304.00
2015/07/17	15.72	15.72	15.19	15.72	38489051	1208066688.00
2015/07/20	16.08	16.88	15.77	16.38	37623476	1240017664.00
2015/07/21	15.92	16.53	15.82	16.16	27758742	906741056.00
2015/07/22	15.94	16.46	15.80	16.11	22380844	726858752.00
2015/07/23	16.18	16.99	16.18	16.87	32755477	1092593152.00
2015/07/24	16.88	17.02	16.08	16.28	31522147	1055524608.00
2015/07/27	16.23	16.61	14.64	14.64	33590089	1072890240.00
2015/07/28	13.88	15.15	13.37	14.96	39326990	1128092416.00
2015/07/29	15.43	15.53	14.43	15.53	24174527	724038976.00
2015/07/30	15.38	15.56	14.28	14.38	23074104	700492544.00
2015/07/31	14.15	14.87	14.09	14.70	25848779	758647936.00
2015/08/03	14.44	15.00	14.39	14.98	27357829	807547648.00
2015/08/04	15.15	15.70	14.83	15.45	18805341	578938112.00
2015/08/05	15.46	15.48	14.78	14.84	18495464	562921792.00
2015/08/06	14.51	14.92	14.40	14.60	10253390	303465728.00
2015/08/07	14.78	15.04	14.68	14.93	13865344	416755360.00
2015/08/10	15.15	15.79	15.05	15.72	25015217	780600256.00
2015/08/11	15.73	16.06	15.39	15.58	24574553	776555712.00
2015/08/12	15.43	16.05	15.35	15.74	25259781	804796224.00
2015/08/13	15.88	15.98	15.44	15.91	19540172	620866112.00
2015/08/14	16.18	16.50	15.93	16.02	22397330	733006528.00
2015/08/17	15.98	16.17	15.64	16.10	15693018	503136256.00
2015/08/18	16.13	16.35	14.48	14.72	25536685	792321152.00
2015/08/19	14.14	14.98	13.78	14.82	17472191	509086880.00
2015/08/20	14.72	15.15	14.39	14.49	17990667	535665856.00
2015/08/21	14.13	14.63	13.63	13.74	18147028	514562720.00
2015/08/24	13.10	13.35	12.36	12.36	31559862	797455040.00
2015/08/25	11.28	11.92	11.11	11.11	27063876	617706752.00
2015/08/26	11.37	11.48	9.98	9.98	26133390	573176128.00
2015/08/27	10.38	10.51	9.68	10.35	27761797	567727040.00
2015/08/28	10.64	11.27	10.34	11.23	26810901	579995648.00
2015/08/31	11.25	11.73	10.83	11.65	25640919	585327104.00
2015/09/01	11.39	11.76	10.71	11.75	30264337	696729024.00
2015/09/02	11.25	12.12	11.05	12.05	28186295	674171456.00
2015/09/07	12.05	12.66	11.48	11.69	17543227	428939840.00
2015/09/08	11.67	12.13	11.26	12.09	11510726	272743872.00
2015/09/09	12.27	13.23	12.13	12.98	22690543	574957120.00
2015/09/10	12.62	12.70	11.67	11.82	20947678	518649536.00
2015/09/11	11.82	12.18	11.53	12.02	12540508	300888192.00
2015/09/14	12.00	12.12	10.81	10.81	14669401	334557024.00
2015/09/15	10.73	10.87	9.88	9.96	11632557	242094912.00
2015/09/16	10.02	10.97	10.02	10.90	10280758	217807312.00
2015/09/17	10.87	11.46	10.63	11.00	18275816	412118816.00
2015/09/18	11.04	11.47	10.89	11.13	10817514	246100160.00
2015/09/21	10.93	11.58	10.91	11.50	9896679	228485552.00
2015/09/22	11.57	11.97	11.53	11.83	11183082	265961696.00
2015/09/23	11.58	11.72	11.43	11.47	7851440	183274768.00
2015/09/24	11.70	11.82	11.26	11.50	10660646	247710064.00
2015/09/25	11.43	11.44	10.62	10.62	13089954	290833984.00
2015/09/28	10.76	11.06	10.59	11.02	10352644	227883744.00
2015/09/29	10.80	10.88	10.54	10.63	7422130	160601616.00
2015/09/30	10.78	11.70	10.77	11.70	26362933	610039616.00
2015/10/08	12.18	12.48	11.63	11.91	39768552	968275200.00
2015/10/09	11.92	12.16	11.88	12.10	15424957	373954624.00
2015/10/12	12.17	12.93	12.17	12.53	21729049	550116672.00
2015/10/13	12.42	13.00	12.39	12.78	17605857	455019904.00
2015/10/14	12.68	12.98	12.52	12.53	13654435	351910240.00
2015/10/15	12.46	13.04	12.45	12.89	13304054	345116576.00
2015/10/16	13.04	13.08	12.53	12.88	13139339	339590912.00
2015/10/19	12.98	13.18	12.83	13.08	15476701	407107968.00
2015/10/20	13.13	13.98	13.13	13.57	19910371	544422848.00
2015/10/21	13.58	13.80	12.38	12.69	20287642	541811456.00
2015/10/22	12.64	13.21	12.64	13.15	14738392	387215264.00
2015/10/23	13.33	13.38	12.93	13.23	12352558	327866944.00
2015/10/26	13.48	13.63	13.09	13.33	12499484	335294112.00
2015/10/27	13.25	13.26	12.66	13.20	10362927	271634528.00
2015/10/28	13.08	13.25	12.63	12.70	11007758	286323296.00
2015/10/29	12.73	12.83	12.23	12.57	16221703	411386688.00
2015/10/30	12.56	12.93	12.24	12.67	14551856	370511904.00
2015/11/02	12.39	12.60	12.25	12.29	8758946	220096176.00
2015/11/03	12.30	12.50	12.16	12.27	6703372	166932320.00
2015/11/04	12.30	12.99	12.30	12.93	15849394	407097728.00
2015/11/05	12.90	13.21	12.81	13.05	21566542	566933888.00
2015/11/06	12.93	13.95	12.93	13.89	23956031	657565696.00
2015/11/09	13.75	14.47	13.52	14.09	21530392	607068224.00
2015/11/10	13.93	15.25	13.93	14.70	35814205	1068033792.00
2015/11/11	15.43	15.88	14.63	14.73	28382712	861631040.00
2015/11/12	15.33	15.38	14.40	14.68	24868996	739377280.00
2015/11/13	14.38	14.52	13.62	13.93	21379911	607044288.00
2015/11/16	13.98	14.81	13.98	14.63	31090793	909411712.00
2015/11/17	15.06	15.45	14.66	14.88	41828533	1275589632.00
2015/11/18	14.97	16.20	14.73	15.30	36892756	1155577984.00
2015/11/19	15.53	16.84	15.48	16.84	58999591	1977026304.00
2015/11/20	17.63	18.31	17.03	17.93	76380176	2720670720.00
2015/11/23	17.38	17.71	16.86	17.11	40862064	1418398208.00
2015/11/24	16.95	17.17	16.23	16.83	29058627	976552448.00
2015/11/25	16.68	17.32	16.65	16.98	30453368	1044624832.00
2015/11/26	16.90	17.30	16.28	16.48	26804921	910142272.00
2015/11/27	16.38	16.57	14.93	15.04	33566722	1064219392.00
2015/11/30	15.08	15.88	14.48	15.72	29219623	900845056.00
2015/12/01	15.45	15.85	15.18	15.46	15892463	496433440.00
2015/12/02	15.51	16.13	14.89	15.80	17714825	556634048.00
2015/12/03	15.88	16.58	15.69	16.50	17605117	569965376.00
2015/12/04	16.32	16.40	15.78	15.90	15643456	506897824.00
2015/12/07	15.96	16.10	15.36	15.58	17956164	565903040.00
2015/12/08	15.50	16.03	15.03	15.58	18432610	576544704.00
2015/12/09	15.39	16.17	15.32	15.83	18615166	595414592.00
2015/12/10	15.77	16.56	15.67	16.21	20245936	662707776.00
2015/12/11	16.23	17.01	15.91	15.94	17323870	577029312.00
2015/12/14	15.88	16.30	15.72	16.22	10867638	349283168.00
2015/12/15	16.34	17.21	16.32	17.09	23933602	814939072.00
2015/12/16	17.27	17.89	16.95	17.55	40322207	1425907072.00
2015/12/17	17.60	17.70	16.97	17.33	46989205	1631404672.00
2015/12/18	17.18	17.55	16.59	16.72	28761159	984908096.00
2015/12/21	16.56	17.39	16.33	17.10	51549530	1750275456.00
2015/12/22	17.03	17.32	16.83	17.20	25748189	886309120.00
2015/12/23	17.18	17.20	16.62	17.06	21549576	733859328.00
2015/12/24	16.90	17.01	16.56	17.00	15727795	532971104.00
2015/12/25	17.05	17.77	16.93	17.62	40286644	1411887104.00
2015/12/28	17.63	18.01	16.88	16.88	29465002	1037666560.00
2015/12/29	16.88	17.58	16.63	17.51	21756028	748982272.00
2015/12/30	17.35	17.96	17.35	17.88	27878148	994785728.00
2015/12/31	17.84	17.88	17.00	17.18	22764522	796529664.00
2016/01/04	17.36	17.63	15.53	15.57	16987979	574651584.00
2016/01/05	14.98	16.05	14.73	15.83	25787761	806317312.00
2016/01/06	15.93	16.39	15.78	16.08	20696435	671612288.00
2016/01/07	15.72	15.72	14.46	14.46	6669600	200387008.00
2016/01/08	14.98	15.12	13.63	14.32	24876444	731419200.00
2016/01/11	13.88	14.28	12.95	13.18	23626190	649219968.00
2016/01/12	13.38	13.63	12.98	13.30	15581004	419119744.00
2016/01/13	13.48	13.56	12.97	13.08	13184629	353735424.00
2016/01/14	12.48	13.62	12.43	13.62	17142480	459156480.00
2016/01/15	13.48	13.73	12.88	13.05	18498764	497324800.00
2016/01/18	12.75	14.37	12.75	13.85	23451800	646541184.00
2016/01/19	13.83	14.52	13.64	14.25	16088391	457949120.00
2016/01/20	14.20	14.35	13.60	13.73	17602024	495017088.00
2016/01/21	13.40	13.98	13.18	13.18	15991529	438565216.00
2016/01/22	13.44	13.78	12.98	13.72	15765906	428148544.00
2016/01/25	13.97	14.74	13.93	14.33	21237420	613940544.00
2016/01/26	14.09	14.31	12.93	13.65	21382909	594513088.00
2016/01/27	13.58	14.04	12.98	13.78	18942864	511343456.00
2016/01/28	13.52	13.73	13.03	13.32	12014086	322947584.00
2016/01/29	13.30	13.83	12.90	13.57	15267389	413103552.00
2016/02/01	13.59	13.96	13.22	13.90	15794364	436034240.00
2016/02/02	13.82	14.50	13.80	14.26	14309056	412344448.00
2016/02/03	14.10	14.49	13.99	14.31	10540897	301824896.00
2016/02/04	14.39	14.55	14.28	14.39	11591486	336768448.00
2016/02/05	14.39	14.48	14.03	14.29	9637825	277649120.00
2016/02/15	13.88	14.58	13.88	14.36	11297231	326832800.00
2016/02/16	14.39	15.03	14.38	14.89	14219471	424752288.00
2016/02/17	14.84	15.36	14.66	15.21	15069726	456821120.00
2016/02/18	15.26	15.42	14.78	14.80	14889253	451099456.00
2016/02/19	14.71	15.13	14.69	14.92	10630866	320149792.00
2016/02/22	15.08	15.22	14.88	15.13	13687978	415547200.00
2016/02/23	15.23	15.57	15.08	15.20	19011469	587393216.00
2016/02/24	14.98	15.15	14.43	14.73	14714869	438489952.00
2016/02/25	14.71	14.80	13.25	13.25	19301719	540205760.00
2016/02/26	13.33	13.40	12.66	12.98	15805555	415571072.00
2016/02/29	12.88	12.88	11.67	11.70	23787702	565607744.00
2016/03/01	11.68	12.22	11.30	12.04	17092977	405626976.00
2016/03/02	12.06	12.53	11.78	12.45	22425845	551631232.00
2016/03/03	12.45	12.70	12.29	12.30	18677717	471116064.00
2016/03/04	12.20	12.26	11.06	11.20	35795896	844485504.00
2016/03/07	11.30	11.60	11.18	11.39	17890717	411972288.00
2016/03/08	11.35	11.43	10.73	11.40	21028859	470915808.00
2016/03/09	11.13	11.65	11.01	11.43	18451760	426325408.00
2016/03/10	11.42	11.57	11.16	11.27	11834812	271834208.00
2016/03/11	11.13	11.23	10.88	10.95	16426701	365973568.00
2016/03/14	11.13	11.65	11.06	11.48	16912791	391836960.00
2016/03/15	12.15	12.28	11.70	11.74	25224806	609092672.00
2016/03/16	11.90	12.00	11.34	11.63	20546850	485299904.00
2016/03/17	11.64	12.52	11.64	12.37	31283940	765760256.00
2016/03/18	12.48	13.03	12.45	12.72	31067513	798851840.00
2016/03/21	13.12	13.40	12.83	13.40	27868032	739469952.00
2016/03/22	13.18	13.44	13.04	13.18	16898602	452311200.00
2016/03/23	13.15	13.36	12.75	13.04	19535214	512875840.00
2016/03/24	12.98	13.00	12.68	12.74	17012347	441211296.00
2016/03/25	12.64	13.04	12.61	12.93	13100115	340423168.00
2016/03/28	13.10	13.35	12.61	12.70	16533284	432664640.00
2016/03/29	12.43	12.56	12.14	12.32	19589831	489379904.00
2016/03/30	12.45	12.97	12.33	12.96	17915345	456329760.00
2016/03/31	13.02	13.02	12.60	12.68	20155840	518831040.00
2016/04/01	12.68	12.80	12.43	12.59	12555897	318752320.00
2016/04/05	12.64	12.95	12.48	12.93	15515480	400619488.00
2016/04/06	12.93	13.49	12.88	13.30	27494262	738136448.00
2016/04/07	13.33	13.40	12.82	12.84	15156621	400032768.00
2016/04/08	12.82	13.10	12.58	12.88	13099810	340730368.00
2016/04/11	13.08	13.36	12.89	13.13	17186378	457796480.00
2016/04/12	13.12	13.24	12.80	12.95	9785911	256829120.00
2016/04/13	13.10	13.62	13.09	13.38	26178456	708705664.00
2016/04/14	13.43	13.58	13.30	13.57	16619288	450962080.00
2016/04/15	13.62	14.06	13.53	13.76	22284832	621177728.00
2016/04/18	13.76	14.18	13.67	13.96	25631189	722638016.00
2016/04/19	14.01	14.08	13.67	13.79	17382029	484088640.00
2016/04/20	13.78	13.86	12.78	13.23	24362598	655264448.00
2016/04/21	13.19	13.74	13.00	13.37	16435690	445127776.00
2016/04/22	13.34	14.45	13.23	14.27	32071553	913226880.00
2016/04/25	14.14	14.52	13.78	14.37	22903847	652718976.00
2016/04/26	14.28	14.50	14.13	14.40	16764128	484781984.00
2016/04/27	14.40	14.86	14.20	14.56	20538219	604957824.00
2016/04/28	14.53	14.95	14.28	14.51	16030668	472794944.00
2016/04/29	14.50	14.56	14.18	14.21	10182882	294362528.00
2016/05/03	14.28	14.85	14.21	14.64	17354835	512046528.00
2016/05/04	14.53	15.15	14.48	15.13	20696867	620542656.00
2016/05/05	15.02	15.22	14.75	14.80	17145636	516353824.00
2016/05/06	14.88	15.02	14.20	14.20	22000212	647766912.00
2016/05/09	14.13	14.13	13.78	13.81	14490722	406982720.00
2016/05/10	13.79	14.20	13.79	14.02	11927579	338184032.00
2016/05/11	14.13	14.17	13.51	13.58	13668923	379037536.00
2016/05/12	13.39	13.98	13.28	13.95	12976971	357957216.00
2016/05/13	13.88	14.11	13.47	13.59	9977989	277898112.00
2016/05/16	13.59	13.88	13.57	13.86	7573221	210485360.00
2016/05/17	13.88	14.02	13.63	13.90	9523158	266466336.00
2016/05/18	13.86	13.86	13.23	13.53	12419336	336738272.00
2016/05/19	13.55	13.82	13.43	13.47	8685793	239144528.00
2016/05/20	13.32	13.52	13.15	13.41	10620661	285376960.00
2016/05/23	13.43	13.86	13.43	13.58	8675476	239220800.00
2016/05/24	13.58	13.80	13.44	13.60	7327551	201079856.00
2016/05/25	13.64	13.79	13.14	13.24	15941822	430787840.00
2016/05/26	13.18	13.32	12.45	12.89	22300756	576607040.00
2016/05/27	12.90	13.02	12.67	12.92	10663015	277539712.00
2016/05/30	12.75	13.00	12.70	12.82	7692104	200226064.00
2016/05/31	12.78	13.50	12.78	13.44	13524740	361933856.00
2016/06/01	13.44	13.62	13.42	13.46	9747030	265935296.00
2016/06/02	13.58	13.72	13.38	13.69	12903286	353004512.00
2016/06/03	13.84	14.30	13.73	14.18	25331032	719307008.00
2016/06/06	14.88	15.17	14.40	14.62	28126155	836040192.00
2016/06/07	14.53	14.78	14.32	14.39	12398757	361820192.00
2016/06/08	14.31	14.67	14.09	14.53	17703895	512898336.00
2016/06/13	14.28	14.38	13.53	13.53	16601777	471202912.00
2016/06/14	13.52	14.01	13.52	13.89	10731613	299543552.00
2016/06/15	13.75	14.52	13.68	14.29	14922328	428084000.00
2016/06/16	14.34	14.62	14.15	14.18	12922200	374967040.00
2016/06/17	14.20	14.54	14.20	14.37	10020678	290241888.00
2016/06/20	14.53	14.53	14.15	14.40	6550988	188264832.00
2016/06/21	14.43	14.55	14.17	14.19	7636313	220311664.00
2016/06/22	14.12	14.33	14.03	14.29	4867660	139072544.00
2016/06/23	14.26	14.61	14.23	14.37	8910645	258742688.00
2016/06/24	14.30	14.40	13.85	14.01	12653770	357975968.00
2016/06/27	13.86	14.56	13.79	14.55	13989563	400243968.00
2016/06/28	14.46	14.52	14.29	14.45	9164655	265435440.00
2016/06/29	14.48	14.58	14.31	14.38	6474538	187293344.00
2016/06/30	14.47	14.52	14.25	14.27	8664090	249928464.00
2016/07/01	14.28	14.42	14.16	14.18	6940702	198957760.00
2016/07/04	14.17	14.48	14.02	14.45	10964537	314720960.00
2016/07/05	14.42	14.42	14.15	14.27	7617365	218656640.00
2016/07/06	14.28	14.28	13.94	14.04	10284627	290454688.00
2016/07/07	14.07	14.07	13.68	13.90	11803820	329724160.00
2016/07/08	13.79	13.97	13.72	13.78	7787121	216528048.00
2016/07/11	13.88	13.95	13.60	13.62	13907517	384378176.00
2016/07/12	13.65	13.79	13.53	13.78	9281786	255065840.00
2016/07/13	13.85	14.16	13.79	14.05	17090779	480261344.00
2016/07/14	14.08	14.08	13.83	13.90	9248741	258768176.00
2016/07/15	13.94	14.04	13.80	13.80	11690254	326251168.00
2016/07/18	13.76	13.80	13.51	13.54	10834440	296676192.00
2016/07/19	13.55	13.89	13.55	13.78	10054490	277930624.00
2016/07/20	13.76	13.95	13.63	13.85	10076030	279438432.00
2016/07/21	13.85	14.02	13.78	13.84	8870435	247705008.00
2016/07/22	13.84	13.88	13.54	13.59	7754758	212577248.00
2016/07/25	13.55	13.73	13.50	13.73	7273440	198989376.00
2016/07/26	13.63	13.82	13.60	13.77	8058513	222184144.00
2016/07/27	13.82	13.82	12.99	13.18	14949699	403613152.00
2016/07/28	13.18	13.25	12.68	12.83	16203312	420314272.00
2016/07/29	12.88	12.93	12.58	12.68	10879316	278061376.00
2016/08/01	12.68	12.72	12.46	12.58	7299988	184518960.00
2016/08/02	12.65	12.79	12.58	12.69	4694637	119866728.00
2016/08/03	12.68	12.79	12.58	12.78	7464411	190132320.00
2016/08/04	12.78	12.81	12.69	12.80	4850613	124493528.00
2016/08/05	12.80	12.85	12.68	12.71	4237369	108935664.00
2016/08/08	12.70	12.91	12.58	12.90	6772391	173517952.00
2016/08/09	12.99	14.04	12.99	13.67	23092268	628262784.00
2016/08/10	13.67	13.67	13.39	13.42	9760580	264978624.00
2016/08/11	13.43	13.48	12.99	13.00	11370073	301401472.00
2016/08/12	13.02	13.17	12.95	13.13	8122978	212837296.00
2016/08/15	13.13	13.52	13.09	13.32	15912068	426336992.00
2016/08/16	13.38	13.46	13.29	13.31	8152849	219067104.00
2016/08/17	13.42	13.73	13.39	13.53	14451174	394560096.00
2016/08/18	13.92	14.82	13.90	14.28	48621618	1406134656.00
2016/08/19	14.38	14.64	14.25	14.30	25159656	730129472.00
2016/08/22	14.31	14.52	14.21	14.31	14531981	420242432.00
2016/08/23	14.28	14.75	14.18	14.53	18636891	542268608.00
2016/08/24	14.53	14.96	14.52	14.73	25629464	760773312.00
2016/08/25	14.62	14.91	14.43	14.87	17165069	507467008.00
2016/08/26	14.97	15.02	14.71	14.73	13151553	392683008.00
2016/08/29	14.73	14.90	14.56	14.64	10147973	300517408.00
2016/08/30	14.65	14.85	14.59	14.72	6785764	200934240.00
2016/08/31	14.78	14.88	14.35	14.45	11115928	324294912.00
2016/09/01	14.46	14.93	14.41	14.79	15945936	472687744.00
2016/09/02	14.72	15.10	14.54	14.97	23087777	688943424.00
2016/09/05	14.84	15.27	14.79	14.96	18574790	562753216.00
2016/09/06	14.95	15.98	14.88	15.75	26704558	832502080.00
2016/09/07	15.70	15.98	15.38	15.75	16848861	531435584.00
2016/09/08	15.61	15.77	15.45	15.68	9434589	295759456.00
2016/09/09	15.69	15.78	14.64	14.70	29271445	880329984.00
2016/09/12	14.43	14.66	14.15	14.19	13700238	396655296.00
2016/09/13	14.33	14.62	14.24	14.49	11612490	338080448.00
2016/09/14	14.58	15.21	14.58	14.70	16278292	487396672.00
2016/09/19	15.22	15.28	14.74	14.78	12132540	365285216.00
2016/09/20	14.85	14.89	14.51	14.56	5985954	175722656.00
2016/09/21	14.54	14.91	14.46	14.87	6754970	200343776.00
2016/09/22	15.02	15.08	14.72	14.83	8970981	268531072.00
2016/09/23	15.08	15.35	15.03	15.23	12435189	379830528.00
2016/09/26	15.15	15.18	14.44	14.51	10864724	321992704.00
2016/09/27	14.47	14.59	14.26	14.49	8229380	238043680.00
2016/09/28	14.49	14.85	14.43	14.57	8317832	245558304.00
2016/09/29	14.52	15.01	14.52	14.97	9543173	284815680.00
2016/09/30	15.03	15.36	14.93	15.04	11306475	344305280.00
2016/10/10	15.33	15.41	15.13	15.30	9322887	286157312.00
2016/10/11	15.33	15.63	15.26	15.50	11010977	341435712.00
2016/10/12	15.44	15.50	15.25	15.50	7399702	229002752.00
2016/10/13	15.44	15.67	15.18	15.45	8348065	258534608.00
2016/10/14	15.40	15.60	15.27	15.32	6061938	187699152.00
2016/10/17	15.39	15.57	15.14	15.21	8392965	259965488.00
2016/10/18	15.33	15.33	14.98	15.25	10128525	308209088.00
2016/10/19	15.27	15.29	15.04	15.17	4899133	149159904.00
2016/10/20	15.17	16.03	15.17	15.86	19832359	630128192.00
2016/10/21	15.76	15.98	15.70	15.88	9257127	294629248.00
2016/10/24	15.92	16.14	15.76	15.98	10935910	349466112.00
2016/10/25	15.85	16.02	15.61	15.81	12102915	383859200.00
2016/10/26	15.80	15.98	15.68	15.68	7497486	238240608.00
2016/10/27	15.61	15.67	15.25	15.34	9639488	298346368.00
2016/10/28	15.30	15.49	15.12	15.38	6759762	207573456.00
2016/10/31	15.33	15.47	15.18	15.29	6379022	196422320.00
2016/11/01	15.33	15.59	15.19	15.53	7016516	217438160.00
2016/11/02	15.44	15.52	15.23	15.28	6034261	186143824.00
2016/11/03	15.36	15.47	15.24	15.25	7036029	217246032.00
2016/11/04	15.28	15.37	15.03	15.09	6243501	190906048.00
2016/11/07	15.05	15.22	14.99	15.19	6791932	206262384.00
2016/11/08	15.27	15.38	15.14	15.29	5133031	157800624.00
2016/11/09	15.30	15.36	14.72	14.93	10159980	306120960.00
2016/11/10	15.15	15.17	14.97	15.10	5971829	180938720.00
2016/11/11	15.08	15.09	14.34	14.45	27453910	802717056.00
2016/11/14	14.38	14.50	14.20	14.42	17649323	508558848.00
2016/11/15	14.44	14.45	14.20	14.43	10875380	313357344.00
2016/11/16	14.47	14.51	14.33	14.48	11049233	320789408.00
2016/11/17	14.53	14.65	14.43	14.59	10208739	298786816.00
2016/11/18	14.55	14.68	14.51	14.55	7498800	220031264.00
2016/11/21	14.51	14.65	14.34	14.39	7396539	214772304.00
2016/11/22	14.42	14.54	14.32	14.52	6568192	190442720.00
2016/11/23	14.54	14.58	14.43	14.55	6835332	199459856.00
2016/11/24	14.58	14.58	13.92	13.99	22562938	641368704.00
2016/11/25	13.98	14.04	13.72	13.93	15841823	441855104.00
2016/11/28	13.94	14.16	13.93	14.07	8907217	251827616.00
2016/11/29	14.07	14.12	13.86	13.87	8980624	252393808.00
2016/11/30	13.87	14.15	13.85	14.08	8694536	245786624.00
2016/12/01	14.14	14.14	13.88	13.96	8299226	232975520.00
2016/12/02	13.96	14.05	13.72	13.87	9872696	274890752.00
2016/12/05	13.88	14.07	13.82	13.98	9991316	280366560.00
2016/12/06	13.97	14.09	13.92	13.93	7954455	224071392.00
2016/12/07	13.95	13.95	13.79	13.88	6739274	188048736.00
2016/12/08	13.95	13.98	13.84	13.85	6080407	169853712.00
2016/12/09	13.85	13.89	13.52	13.67	11963946	328140960.00
2016/12/12	13.63	13.63	13.06	13.20	11018943	295124608.00
2016/12/13	13.15	13.36	13.15	13.23	4780309	127382296.00
2016/12/14	13.23	13.43	13.08	13.27	6528058	173658608.00
2016/12/15	13.23	13.46	13.19	13.31	5498534	147322096.00
2016/12/16	13.32	13.46	13.24	13.39	5542279	149301184.00
2016/12/19	13.39	13.39	13.17	13.29	5506264	146716192.00
2016/12/20	13.27	13.56	13.17	13.55	8250033	222733760.00
2016/12/21	13.52	13.70	13.46	13.54	7697981	210257792.00
2016/12/22	13.57	13.62	13.50	13.59	4062705	110888912.00
2016/12/23	13.59	13.85	13.43	13.45	5726515	157081536.00
2016/12/26	13.43	13.48	13.09	13.31	7666945	203784960.00
2016/12/27	13.33	13.39	13.21	13.25	4527001	120983344.00
2016/12/28	13.25	13.30	13.13	13.19	3949142	104740200.00
2016/12/29	13.18	13.38	13.16	13.30	4895608	130826376.00
2016/12/30	13.26	13.38	13.18	13.19	5366932	143186096.00
2017/01/03	13.28	13.60	13.23	13.54	8288283	224351248.00
2017/01/04	13.51	13.73	13.51	13.64	7852834	215301584.00
2017/01/05	13.67	13.77	13.60	13.65	5008133	137542736.00
2017/01/06	13.62	13.65	13.33	13.45	8932567	241579520.00
2017/01/09	13.45	13.67	13.42	13.61	4958904	135496256.00
2017/01/10	13.56	13.62	13.48	13.51	3887260	105760248.00
2017/01/11	13.51	13.69	13.48	13.55	4159575	113801528.00
2017/01/12	13.47	13.64	13.37	13.37	4088257	110898424.00
2017/01/13	13.38	13.51	13.36	13.42	5504491	148666720.00
2017/01/16	13.38	13.45	12.78	13.25	7390794	196963888.00
2017/01/17	13.22	13.61	13.14	13.58	5530602	149100304.00
2017/01/18	13.59	13.68	13.53	13.64	4113560	112636528.00
2017/01/19	13.58	13.66	13.52	13.56	2788324	76181816.00
2017/01/20	13.56	13.75	13.52	13.69	3994115	109863952.00
2017/01/23	13.68	13.76	13.63	13.74	3947097	108819680.00
2017/01/24	13.69	13.75	13.46	13.56	4836791	131950552.00
2017/01/25	13.53	13.68	13.43	13.59	3496397	95467120.00
2017/01/26	13.63	13.80	13.60	13.78	8248995	227714352.00
2017/02/03	13.79	13.83	13.70	13.75	2890962	80087456.00
2017/02/06	13.76	14.06	13.75	13.97	7886909	220736720.00
2017/02/07	14.23	14.33	13.98	14.13	16874986	480705600.00
2017/02/08	14.03	14.51	14.00	14.44	14252707	410513472.00
2017/02/09	14.47	14.52	14.37	14.43	8871463	257777696.00
2017/02/10	14.43	14.43	14.30	14.41	5887291	169913136.00
2017/02/13	14.34	14.50	14.23	14.26	9065200	261477184.00
2017/02/14	14.29	14.51	14.18	14.43	11361154	329176000.00
2017/02/15	14.44	15.04	14.44	14.79	21795197	648797056.00
2017/02/16	14.78	15.16	14.78	14.85	14360517	432116576.00
2017/02/17	14.86	14.97	14.61	14.62	9409495	278879360.00
2017/02/20	14.68	14.95	14.63	14.90	8599159	256158208.00
2017/02/21	14.88	15.04	14.83	14.97	7878096	236554496.00
2017/02/22	15.03	15.17	14.98	15.13	10166352	308829760.00
2017/02/23	15.17	15.22	15.03	15.07	7267333	220770624.00
2017/02/24	15.02	15.06	14.60	14.83	14408061	427664928.00
2017/02/27	14.82	14.95	14.74	14.87	7810465	233725648.00
2017/02/28	14.83	14.97	14.75	14.81	5653783	168845936.00
2017/03/01	14.82	15.02	14.80	14.95	9153852	274476864.00
2017/03/02	15.02	15.17	14.89	14.90	7605901	230240176.00
2017/03/03	14.84	15.45	14.75	15.41	16067424	492508320.00
2017/03/06	15.33	15.97	15.33	15.91	19550498	620282624.00
2017/03/07	15.86	16.08	15.68	15.91	17043967	545666112.00
2017/03/08	15.91	15.92	15.64	15.74	6329587	200093040.00
2017/03/09	15.64	15.77	15.50	15.64	6686430	210124496.00
2017/03/10	15.59	15.72	15.53	15.67	5002543	157089040.00
2017/03/13	15.66	16.42	15.64	16.24	15581281	506591232.00
2017/03/14	16.35	16.35	16.07	16.20	6980613	226722432.00
2017/03/15	16.18	16.31	15.94	16.12	7175036	232344928.00
2017/03/16	16.12	16.29	15.98	16.18	8125366	262456544.00
2017/03/17	16.19	16.43	15.81	15.85	10579040	342601728.00
2017/03/20	15.85	15.95	15.65	15.89	9090486	288733600.00
2017/03/21	15.91	16.50	15.71	16.42	14842060	482496576.00
2017/03/22	16.43	17.17	16.33	16.70	17502565	590494208.00
2017/03/23	16.73	17.01	16.57	16.90	9075280	305813632.00
2017/03/24	16.78	17.50	16.73	17.20	16866265	583817792.00
2017/03/27	17.14	17.29	16.77	16.88	11073718	377003904.00
2017/03/28	16.84	16.98	16.64	16.86	8413655	283497632.00
2017/03/29	16.91	16.93	16.51	16.58	14001441	467554816.00
2017/03/30	16.59	16.75	16.44	16.63	6381601	212521504.00
2017/03/31	16.72	17.02	16.61	16.95	9588428	324775008.00
2017/04/05	16.98	17.13	16.78	16.81	10757221	365762816.00
2017/04/06	16.82	16.83	16.01	16.27	21018312	686833536.00
2017/04/07	16.25	16.58	16.25	16.53	12647831	417591008.00
2017/04/10	16.53	16.53	16.13	16.28	9856243	322360448.00
2017/04/11	16.38	16.38	15.92	16.17	8902483	288123552.00
2017/04/12	16.25	16.45	16.12	16.25	5516100	180376256.00
2017/04/13	16.15	16.46	16.13	16.45	7116920	232917920.00
2017/04/14	16.45	16.47	16.18	16.31	6285834	205195216.00
2017/04/17	16.14	16.26	15.62	15.75	10122043	324462880.00
2017/04/18	15.86	16.25	15.66	16.11	10313897	330693824.00
2017/04/19	15.98	16.40	15.93	16.36	9184212	299742496.00
2017/04/20	16.43	16.85	16.27	16.72	14254752	476298816.00
2017/04/21	16.69	16.78	16.43	16.64	7856445	262307472.00
2017/04/24	16.73	16.81	16.33	16.56	8833385	294843424.00
2017/04/25	16.69	17.18	16.55	17.00	12165572	415909408.00
2017/04/26	16.99	17.87	16.93	17.49	25915237	910783040.00
2017/04/27	17.39	17.43	17.05	17.37	17200526	596452544.00
2017/04/28	17.30	17.85	16.91	17.37	28530337	497601888.00
2017/05/02	17.31	17.58	17.20	17.53	19889219	346630848.00
2017/05/03	17.35	17.39	16.80	16.90	27260109	464294720.00
2017/05/04	16.85	17.33	16.75	16.90	18604771	317788576.00
2017/05/05	16.81	17.31	16.76	17.00	15310176	261430320.00
2017/05/08	16.96	17.08	16.28	16.66	21818695	365231136.00
2017/05/09	16.60	17.20	16.42	17.18	20126134	339619936.00
2017/05/10	17.33	17.85	17.10	17.54	34054055	596456448.00
2017/05/11	17.40	17.51	17.00	17.31	23659085	408947200.00
2017/05/12	17.45	17.61	17.05	17.30	18229421	314832320.00
2017/05/15	17.30	18.10	16.92	18.02	33627759	587191616.00
2017/05/16	17.75	18.55	17.61	18.52	46521107	844467328.00
2017/05/17	18.37	18.60	17.89	18.10	37203643	678678656.00
2017/05/18	17.80	18.28	17.61	17.73	24648619	440208640.00
2017/05/19	17.70	17.97	17.62	17.79	15078460	267351568.00
2017/05/22	17.77	17.93	17.40	17.54	16727679	294223520.00
2017/05/23	17.52	17.87	17.34	17.62	24951335	439018848.00
2017/05/24	17.49	17.49	16.91	17.40	19395994	334637376.00
2017/05/25	17.30	17.65	17.08	17.44	21768208	378496640.00
2017/05/26	17.30	17.41	16.68	16.98	33379921	567254336.00
2017/05/31	17.12	17.24	16.90	17.00	16208856	276183264.00
2017/06/01	17.12	17.45	16.87	17.20	21312047	366605696.00
2017/06/02	17.16	17.35	16.99	17.26	18586467	319051424.00
2017/06/05	17.26	18.20	17.20	17.85	35875564	638774720.00
2017/06/06	18.03	18.45	17.87	18.25	39519345	721178240.00
2017/06/07	18.23	19.28	18.21	19.04	57325961	1081388928.00
2017/06/08	19.05	19.59	18.76	19.01	36680806	699693568.00
2017/06/09	18.91	19.43	18.91	19.42	34105018	655677824.00
2017/06/12	19.30	19.49	18.95	19.04	28372947	542886976.00
2017/06/13	19.00	19.11	18.63	19.05	25881277	488232352.00
2017/06/14	18.96	18.98	18.52	18.72	14154301	264569168.00
2017/06/15	18.66	18.98	18.45	18.95	16848375	315503712.00
2017/06/16	18.76	18.90	18.33	18.50	19671494	365215968.00
2017/06/19	18.52	19.00	18.46	18.99	15584778	293169504.00
2017/06/20	19.01	19.10	18.70	18.81	16366389	308896256.00
2017/06/21	18.93	19.48	18.73	19.48	22891161	437276672.00
2017/06/22	19.20	19.53	18.80	19.00	22565199	434318400.00
2017/06/23	18.90	19.37	18.62	19.35	24200379	460279456.00
2017/06/26	19.35	20.06	19.19	19.95	36352787	717499520.00
2017/06/27	19.94	20.15	19.36	19.45	34163471	670316032.00
2017/06/28	19.45	19.49	18.60	18.84	48447799	916379648.00
2017/06/29	18.87	19.14	18.80	19.14	29232317	553912896.00
2017/06/30	19.08	19.28	18.86	19.28	24645306	469317056.00
2017/07/03	19.36	19.36	18.10	18.25	56083728	1041086208.00
2017/07/04	18.33	18.41	17.98	18.32	32182479	584956160.00
2017/07/05	18.33	18.73	18.22	18.69	23307823	432714784.00
2017/07/06	18.70	18.88	18.33	18.63	20000048	372465408.00
2017/07/07	18.60	18.75	18.42	18.56	16105350	299396448.00
2017/07/10	18.60	18.78	18.37	18.44	15355056	285062208.00
2017/07/11	18.35	18.75	18.20	18.42	19738353	364788992.00
2017/07/12	18.40	18.60	17.98	18.53	26133713	477408832.00
2017/07/13	18.58	18.68	18.01	18.10	29446810	538827392.00
2017/07/14	17.93	18.49	17.30	18.41	44618912	797317888.00
2017/07/17	18.34	18.35	17.70	17.99	24020661	434277824.00
2017/07/18	17.80	18.11	17.51	17.89	16236622	290383008.00
2017/07/19	17.90	18.83	17.90	18.64	41197776	761664640.00
2017/07/20	18.64	19.60	18.51	19.44	50570163	972939136.00
2017/07/21	19.50	19.79	18.95	19.00	43784298	844550848.00
数据来源:通达信
